0 1501 6399 4258 4345 4747 4760 3662 
1501 0 6359 4249 4325 4724 4739 3591 
6399 6359 0 6344 6393 6279 6393 6455 
4258 4249 6344 0 3158 4606 4738 4305 
4345 4325 6393 3158 0 4652 4840 4362 
4747 4724 6279 4606 4652 0 4718 4722 
4760 4739 6393 4738 4840 4718 0 4738 
3662 3591 6455 4305 4362 4722 4738 0 
